./blockchain 10 100 .9 .05 .1 1543782199
./blockchain 30 100 .9 .05 .1 1543782199
./blockchain 50 100 .9 .05 .1 1543782199

./blockchain 10 300 .9 .05 .1 1543782199
./blockchain 10 500 .9 .05 .1 1543782199

./blockchain 10 100 .7 .05 .1 1543782199
./blockchain 10 100 .5 .05 .1 1543782199
./blockchain 10 100 .3 .05 .1 1543782199
./blockchain 10 100 .1 .05 .1 1543782199

./blockchain 10 100 .05 .1 .1 1543782199
./blockchain 10 100 .05 .3 .1 1543782199
./blockchain 10 100 .05 .5 .1 1543782199
./blockchain 10 100 .05 .7 .1 1543782199
./blockchain 10 100 .05 .9 .1 1543782199

./blockchain 10 100 .9 .05 .3 1543782199
./blockchain 10 100 .9 .05 .5 1543782199
./blockchain 10 100 .9 .05 .7 1543782199
./blockchain 10 100 .9 .05 .9 1543782199
