consensus2 1000 0.5 0.5 1541033658
consensus2 1000 0.7 0.5 1541033658
consensus2 1000 0.9 0.5 1541033658
consensus2 1000 1.0 0.5 1541033658
consensus2 1000 0.3 0.5 1541033658
consensus2 1000 0.1 0.5 1541033658
consensus2 1000 0.0 0.5 1541033658
consensus2 1000 0.5 0.7 1541033658
consensus2 1000 0.5 0.9 1541033658
consensus2 1000 0.5 1.0 1541033658
consensus2 1000 0.5 0.3 1541033658
consensus2 1000 0.5 0.1 1541033658
consensus2 1000 0.5 0.0 1541033658

consensus2 0 0.5 0.5 1541033658
consensus2 1 0.5 0.5 1541033658
consensus2 10 0.5 0.5 1541033658
consensus2 100 0.5 0.5 1541033658
consensus2 1 0.9 0.5 1541033658
consensus2 10 0.9 0.5 1541033658
consensus2 100 0.9 0.5 1541033658
consensus2 1 0.1 0.5 1541033658
consensus2 10 0.1 0.5 1541033658
consensus2 100 0.1 0.5 1541033658
consensus2 1 0.5 0.9 1541033658
consensus2 10 0.5 0.9 1541033658
consensus2 100 0.5 0.9 1541033658
consensus2 1 0.5 0.1 1541033658
consensus2 10 0.5 0.1 1541033658
consensus2 100 0.5 0.1 1541033658
